AgFlow Version 3.11.h.15_08/02/2016: AnnAGNPS cell, reach, & subarea data are calculated from DEM-related parameters.
Example                                                                         
verification dataset for AGNPS                                                  
Using default values for LS-factor parameters                                   
   Reach    Rec.  Drain.   Avg.   --- Channel --  - Contributing Local -   Reach
      ID   Reach    Area   Elev.  Length   Slope  ------ Cell's ID -----      ID
    1073      ID    (ha)     (m)     (m)   (m/m)  Source    Left   Right        
       1       1 29598.8  162.84       0  .00014  -- WATERSHED OUTLET --       1
       2       1 29598.8  162.84    1472  .00014    none      22      23       2
       3       2 12.9100163.0004     343  .00001      31      32      33       3
       4       2 29571.1  163.00     767  .00001    none      42      43       4
       5       4 29428.9  163.10     939  .00033    none      52      53       5
       6       5 121.820 163.390     141  .00142    none      62      63       6
       7       6 73.2700164.0521    2724  .00052      71      72      73       7
       8       6 46.1500164.2664    1032  .00098      81      82      83       8
       9       5 29281.6  163.67    2307  .00027    none      92      93       9
      10       9 28995.9  164.09    1192  .00034    none     102     103      10
      11      10 28928.2  164.63    2554  .00020    none     112     113      11
      12      11 42.2400165.3413     823  .00122     121     122     123      12
      13      11 28837.5  164.99     931  .00033    none     132     133      13
      14      13 45.6700165.8489     797  .00114     141     142     143      14
      15      13 28769.3  165.10     122  .00001    none     152     153      15
      16      15 22202.1  165.29    2600  .00024    none     162     163      16
      17      16 131.490 165.700     253  .00001    none     172     173      17
      18      17 96.4700171.0284    2069  .00508     181     182     183      18
      19      17 32.2900166.6890     931  .00237     191     192     193      19
      20      16 21991.3  165.71     634  .00017    none     202     203      20
      21      20 1779.16  166.15     396  .00203    none     212     213      21
      22      21 49.0600167.1003     664  .00287     221     222     223      22
      23      21 1722.92  166.92     556  .00073    none     232     233      23
      24      23 1697.06  167.00     281  .00001    none     242     243      24
      25      24 1254.58  167.00     232  .00001    none     252     253      25
      26      25 61.4000174.0323    1800  .01350     261     262     263      26
      27      25 1192.15  167.40     757  .00080    none     272     273      27
      28      27 126.990 168.786     708  .00410    none     282     283      28
      29      28 72.2200170.5001     125  .00001    none     292     293      29
      30      29 56.1200179.0519    1514  .01474     301     302     303      30
      31      29 14.1300176.6217     263  .04598     311     312     313      31
      32      28 32.3400182.2158     866  .03281     321     322     323      32
      33      27 1054.20  167.81     383  .00157    none     332     333      33
      34      33 1027.62  169.02     730  .00151    none     342     343      34
      35      34 194.090 169.301     768  .00001    none     352     353      35
      36      35 160.480 169.736     313  .00287    none     362     363      36
      37      36 14.7400187.5520     287  .09782     371     372     373      37
      38      36 139.310 170.414     521  .00135    none     382     383      38
      39      38 28.2600176.0767     500  .03018     391     392     393      39
      40      38 90.4000172.9283    1484  .00297     401     402     403      40
      41      35 13.3500170.9047     276  .00762     411     412     413      41
      42      34 825.960 171.515    1522  .00336    none     422     423      42
      43      42 29.1300178.9447     430  .02211     431     432     433      43
      44      42 742.460 174.935     381  .00342    none     442     443      44
      45      44 110.410 189.302    2082  .01398     451     452     453      45
      46      44 621.260 176.030     125  .00481    none     462     463      46
      47      46 98.6000194.4547    2416  .01478     471     472     473      47
      48      46 521.870 178.244     872  .00460    none     482     483      48
      49      48 474.320 181.104     324  .00556    none     492     493      49
      50      49 440.170 183.846     310  .00969    none     502     503      50
      51      50 96.2700199.8290    2273  .01369     511     512     513      51
      52      50 339.720 185.364     245  .00246    none     522     523      52
      53      52 323.790 186.256      98  .00916    none     532     533      53
      54      53 243.520 190.328     857  .00794    none     542     543      54
      55      54 26.3200202.6194     678  .02170     551     552     553      55
      56      54 178.690 195.581     390  .01332    none     562     563      56
      57      56 72.7500200.7416     567  .00970    none     572     573      57
      58      57 42.7200209.8979     588  .01906     581     582     583      58
      59      57 15.5800208.6806     380  .02129     591     592     593      59
      60      56 92.4400199.4813     341  .00764    none     602     603      60
      61      60 53.9000210.3166    1080  .01574     611     612     613      61
      62      60 29.5000209.0164     645  .01860     621     622     623      62
      63      53 79.5700196.9350    1432  .01488     631     632     633      63
      64      52 12.7300191.8677     343  .02652     641     642     643      64
      65      49 22.1300186.7032     360  .02363     651     652     653      65
      66      48 15.8100186.3240     300  .03337     661     662     663      66
      67      33 14.5800168.9458     412  .00243     671     672     673      67
      68      24 440.610 168.332    1517  .00139    none     682     683      68
      69      68 346.400 169.101     194  .00001    none     692     693      69
      70      69 17.2200169.1183     509  .00020     701     702     703      70
      71      69 322.260 169.101     321  .00001    none     712     713      71
      72      71 299.000 169.102     717  .00001    none     722     723      72
      73      72 25.4800169.4661     350  .00513     731     732     733      73
      74      72 244.180 169.103     396  .00001    none     742     743      74
      75      74 181.030 169.227     716  .00084    none     752     753      75
      76      75 116.580 169.775     510  .00060    none     762     763      76
      77      76 36.3200174.6534     846  .01702     771     772     773      77
      78      76 58.5300170.3390    1300  .00116     781     782     783      78
      79      75 48.1300169.7009    1076  .00001     791     792     793      79
      80      74 39.6900170.4388     915  .00350     801     802     803      80
      81      71 12.7300169.1019     258  .00001     811     812     813      81
      82      68 30.0900169.1012     332  .00001     821     822     823      82
      83      23 18.9900167.7585     464  .00195     831     832     833      83
      84      20 20190.4  165.80     344  .00001    none     842     843      84
      85      84 20168.9  166.25    3714  .00020    none     852     853      85
      86      85 9717.55  167.13    1606  .00063    none     862     863      86
      87      86 9669.96  167.69     377  .00080    none     872     873      87
      88      87 79.2500169.1955     274  .00950    none     882     883      88
      89      88 47.3700181.4586    1351  .02259     891     892     893      89
      90      88 29.8700171.5986     808  .00248     901     902     903      90
      91      87 9581.84  167.80     407  .00001    none     912     913      91
      92      91 9460.27  167.86     631  .00017    none     922     923      92
      93      92 125.020 175.686    1970  .01036    none     932     933      93
      94      93 31.7300196.5884     505  .02973     941     942     943      94
      95      93 18.5900202.9583     525  .03447     951     952     953      95
      96      92 9320.87  167.90     413  .00025    none     962     963      96
      97      96 46.4200171.6165     834  .00624     971     972     973      97
      98      96 9267.57  168.00      57  .00001    none     982     983      98
      99      98 8716.14  168.37     683  .00103    none     992     993      99
     100      99 6005.00  168.76     181  .00111    none    1002    1003     100
     101     100 36.4500173.2046    1056  .00541    1011    1012    1013     101
     102     100 5967.27  169.67     941  .00150    none    1022    1023     102
     103     102 33.0300186.6928     954  .03636    1031    1032    1033     103
     104     102 5906.72  170.89     504  .00179    none    1042    1043     104
     105     104 228.240 178.150     555  .01657    none    1052    1053     105
     106     105 161.650 183.486     408  .01740    none    1062    1063     106
     107     106 33.8100201.6759     717  .03265    1071    1072    1073     107
     108     106 121.180 190.908     293  .02115    none    1082    1083     108
     109     108 100.460 198.886     686  .01298    none    1092    1093     109
     110     109 62.4500206.9237     604  .01474    none    1102    1103     110
     111     110 16.8800214.9461     460  .01455    1111    1112    1113     111
     112     110 18.0600214.3542     302  .01489    1121    1122    1123     112
     113     109 16.8700206.4750     346  .01964    1131    1132    1133     113
     114     108 16.8100199.4231     314  .03218    1141    1142    1143     114
     115     105 38.5400203.5072    1595  .02208    1151    1152    1153     115
     116     104 5660.24  171.71     414  .00170    none    1162    1163     116
     117     116 19.0700180.8375     719  .03103    1171    1172    1173     117
     118     116 5630.45  172.00     193  .00053    none    1182    1183     118
     119     118 630.220 177.838     940  .00841    none    1192    1193     119
     120     119 562.240 179.900      28  .00001    none    1202    1203     120
     121     120 75.0600195.7934    1962  .01606    1211    1212    1213     121
     122     120 487.110 181.511    1447  .00415    none    1222    1223     122
     123     122 30.2100196.9550     712  .02964    1231    1232    1233     123
     124     122 405.640 187.753     358  .00922    none    1242    1243     124
     125     124 325.170 192.726     492  .01260    none    1252    1253     125
     126     125 275.690 199.284     618  .01085    none    1262    1263     126
     127     126 31.6300209.3294     630  .02365    1271    1272    1273     127
     128     126 230.560 203.318     237  .00888    none    1282    1283     128
     129     128 184.180 207.388     725  .00800    none    1292    1293     129
     130     129 87.9300211.9875     386  .00958    none    1302    1303     130
     131     130 56.4800218.6283     386  .01580    1311    1312    1313     131
     132     130 16.8600217.5111     393  .01831    1321    1322    1323     132
     133     129 67.9400215.6740     846  .01218    1331    1332    1333     133
     134     128 40.6800209.2000     661  .01543    1341    1342    1343     134
     135     125 39.5800204.3049     940  .01947    1351    1352    1353     135
     136     124 66.1600198.0139    1205  .01478    1361    1362    1363     136
     137     119 32.9500186.0541     965  .01597    1371    1372    1373     137
     138     118 4997.35  172.03      42  .00236    none    1382    1383     138
     139     138 4822.55  172.31     402  .00100    none    1392    1393     139
     140     139 88.9500173.0871     238  .00672    none    1402    1403     140
     141     140 16.8400174.3886     318  .00252    1411    1412    1413     141
     142     140 70.9200175.6020     610  .00279    none    1422    1423     142
     143     142 28.3600176.2352     420  .00167    1431    1432    1433     143
     144     142 22.8700176.0143     264  .00152    1441    1442    1443     144
     145     139 4730.86  172.70     559  .00037    none    1452    1453     145
     146     145 4694.74  172.96     697  .00058    none    1462    1463     146
     147     146 84.5400176.7867     329  .01277    none    1472    1473     147
     148     147 58.8600182.2858    1735  .00963    1481    1482    1483     148
     149     147 19.3700177.5500     294  .00171    1491    1492    1493     149
     150     146 4606.25  173.20      87  .00116    none    1502    1503     150
     151     150 1504.74  174.58     913  .00253    none    1512    1513     151
     152     151 1371.04  176.42     642  .00281    none    1522    1523     152
     153     152 1335.50  177.57     321  .00188    none    1532    1533     153
     154     153 652.310 179.412     720  .00320    none    1542    1543     154
     155     154 49.0600182.6846     301  .01195    none    1552    1553     155
     156     155 16.3400188.3875     273  .03076    1561    1562    1563     156
     157     155 25.8000188.5071     317  .03057    1571    1572    1573     157
     158     154 580.640 180.922     292  .00445    none    1582    1583     158
     159     158 548.930 182.320     337  .00504    none    1592    1593     159
     160     159 15.5300188.6143     334  .04044    1601    1602    1603     160
     161     159 518.820 185.327    1004  .00429    none    1612    1613     161
     162     161 196.100 190.732     787  .00712    none    1622    1623     162
     163     162 23.3300199.7953     509  .02634    1631    1632    1633     163
     164     162 150.980 196.445     852  .00811    none    1642    1643     164
     165     164 18.9600204.5615     310  .02648    1651    1652    1653     165
     166     164 88.8100209.0001     700  .02201    none    1662    1663     166
     167     166 33.4100217.3708     648  .01128    1671    1672    1673     167
     168     166 16.3700216.5359     385  .00573    1681    1682    1683     168
     169     161 276.990 190.091     666  .00886    none    1692    1693     169
     170     169 220.110 194.264     127  .00791    none    1702    1703     170
     171     170 24.5500205.1551     573  .02933    1711    1712    1713     171
     172     170 194.380 198.355     908  .01355    none    1722    1723     172
     173     172 107.820 206.700     284  .00001    none    1732    1733     173
     174     173 25.5900217.8709     716  .02039    1741    1742    1743     174
     175     173 74.8900210.8069    1265  .00878    1751    1752    1753     175
     176     172 53.1800207.0451     331  .00483    none    1762    1763     176
     177     176 26.9100221.0900     760  .02078    1771    1772    1773     177
     178     176 19.0800211.2767     358  .01760    1781    1782    1783     178
     179     169 24.2500203.6146     563  .03198    1791    1792    1793     179
     180     158 15.7300183.4616     281  .00927    1801    1802    1803     180
     181     153 677.560 185.415    2210  .00666    none    1812    1813     181
     182     181 472.280 195.575     910  .00649    none    1822    1823     182
     183     182 82.2100211.5700    2179  .01143    1831    1832    1833     183
     184     182 362.440 203.740    1013  .01017    none    1842    1843     184
     185     184 27.8600212.8892     461  .01909    1851    1852    1853     185
     186     184 288.860 211.965    1025  .00508    none    1862    1863     186
     187     186 148.660 218.318    1120  .00849    none    1872    1873     187
     188     187 74.3000224.2896     893  .00348    1881    1882    1883     188
     189     187 25.8600226.2947    1073  .00466    1891    1892    1893     189
     190     186 91.8400216.7750     145  .03383    none    1902    1903     190
     191     190 36.7400223.6501    1221  .00729    1911    1912    1913     191
     192     190 53.4800221.9224     893  .00852    1921    1922    1923     192
     193     181 154.290 199.363     973  .01398    none    1932    1933     193
     194     193 49.1600211.6339     753  .01329    1941    1942    1943     194
     195     193 56.9100212.7384    1092  .01126    1951    1952    1953     195
     196     152 19.6700183.9800     354  .04126    1961    1962    1963     196
     197     151 117.710 182.057    1083  .01081    none    1972    1973     197
     198     197 37.2400196.2972     843  .02873    1981    1982    1983     198
     199     197 28.0500197.7895     880  .02477    1991    1992    1993     199
     200     150 3101.09  174.17     317  .00411    none    2002    2003     200
     201     200 3076.58  174.67     781  .00065    none    2012    2013     201
     202     201 187.230 176.150      80  .01500    none    2022    2023     202
     203     202 139.640 176.531     160  .00313    none    2032    2033     203
     204     203 16.0300177.4647     390  .00283    2041    2042    2043     204
     205     203 120.340 176.956     201  .00200    none    2052    2053     205
     206     205 25.0200177.3736     406  .00099    2061    2062    2063     206
     207     205 84.0500177.4564     625  .00129    none    2072    2073     207
     208     207 24.0500180.0201     549  .00838    2081    2082    2083     208
     209     207 49.6900182.7028    1733  .00982    2091    2092    2093     209
     210     202 45.1300177.4501    1123  .00232    2101    2102    2103     210
     211     201 2882.99  175.00      14  .00001    none    2112    none     211
     212     211 2845.26  175.37     490  .00103    none    2122    2123     212
     213     212 2530.96  175.84     621  .00081    none    2132    2133     213
     214     213 953.680 176.000      14  .00001    none    2142    none     214
     215     214 864.730 178.629    1303  .00354    none    2152    2153     215
     216     215 19.2200190.4886     412  .04319    2161    2162    2163     216
     217     215 834.950 182.345     360  .00751    none    2172    2173     217
     218     217 291.070 184.751     638  .00440    none    2182    2183     218
     219     218 21.0700190.7072     313  .02715    2191    2192    2193     219
     220     218 251.830 189.671     946  .00709    none    2202    2203     220
     221     220 53.4900200.4751     615  .02325    2211    2212    2213     221
     222     220 161.940 193.923     318  .00661    none    2222    2223     222
     223     222 20.0500198.6966     348  .02644    2231    2232    2233     223
     224     222 137.980 213.226    3083  .00983    2241    2242    2243     224
     225     217 532.670 191.106    2558  .00712    none    2252    2253     225
     226     225 399.200 202.846     425  .00519    none    2262    2263     226
     227     226 291.430 204.661     209  .01005    none    2272    2273     227
     228     227 250.000 208.680     851  .00647    none    2282    2283     228
     229     228 23.0500217.1036     633  .01485    2291    2292    2293     229
     230     228 174.670 212.897     456  .00724    none    2302    2303     230
     231     230 82.2900216.5919     420  .00810    none    2312    2313     231
     232     231 29.0200221.5038     570  .01089    2321    2322    2323     232
     233     231 46.2300220.8282     506  .00871    none    2332    2333     233
     234     233 22.7100225.3962     561  .00980    2341    2342    2343     234
     235     233 14.0500224.7909     396  .01010    2351    2352    2353     235
     236     230 61.5500215.6589     203  .00985    none    2362    2363     236
     237     236 41.9100218.3793     344  .00989    none    2372    2373     237
     238     237 13.8300222.3960     296  .01286    2381    2382    2383     238
     239     237 23.3100222.8676     428  .01355    2391    2392    2393     239
     240     236 16.7900219.3042     265  .01661    2401    2402    2403     240
     241     227 39.1200214.4554    1152  .01302    2411    2412    2413     241
     242     226 98.2200210.5387    1288  .01018    none    2422    2423     242
     243     242 29.6700220.0907     787  .00814    2431    2432    2433     243
     244     242 17.5500219.0512     514  .00876    2441    2442    2443     244
     245     225 22.0000206.2517     336  .02623    2451    2452    2453     245
     246     214 88.9100177.9291     847  .00272    none    2462    2463     246
     247     246 22.4400178.3761     403  .00050    2471    2472    2473     247
     248     246 28.7100179.0971     717  .00419    2481    2482    2483     248
     249     213 1565.49  176.56     758  .00146    none    2492    2493     249
     250     249 112.200 180.384    2179  .00464    none    2502    2503     250
     251     250 26.6000193.1605     492  .02683    2511    2512    2513     251
     252     250 36.3700199.4898    1029  .02196    2521    2522    2523     252
     253     249 1450.48  177.19     270  .00038    none    2532    2533     253
     254     253 619.540 178.135     778  .00194    none    2542    2543     254
     255     254 125.630 179.000      60  .00500    none    2552    2553     255
     256     255 45.2000179.0002      80  .00001    none    2562    2563     256
     257     256 28.0400179.8620     533  .00563    2571    2572    2573     257
     258     256 15.7400179.3853     344  .00233    2581    2582    2583     258
     259     255 80.1900179.4954     477  .00231    none    2592    2593     259
     260     259 49.1000183.1249    1607  .00598    2601    2602    2603     260
     261     259 26.0500181.3170    1091  .00321    2611    2612    2613     261
     262     254 491.310 179.150      24  .02069    none    2622    2623     262
     263     262 466.540 179.897    1127  .00160    none    2632    2633     263
     264     263 102.520 182.864     727  .00537    none    2642    2643     264
     265     264 51.3500196.5128    1559  .01617    2651    2652    2653     265
     266     264 31.2900191.0117     919  .01327    2661    2662    2663     266
     267     263 360.380 185.181    2240  .00496    none    2672    2673     267
     268     267 229.990 192.255     319  .00095    none    2682    2683     268
     269     268 22.8100199.0353     373  .03618    2691    2692    2693     269
     270     268 202.590 194.354     334  .01019    none    2702    2703     270
     271     270 136.550 204.194    1103  .01388    none    2712    2713     271
     272     271 36.1400215.1808     582  .01340    2721    2722    2723     272
     273     271 47.2900220.9026    1380  .01036    2731    2732    2733     273
     274     270 55.9700209.5235    1386  .01847    2741    2742    2743     274
     275     267 44.1000200.9239    1159  .01683    2751    2752    2753     275
     276     262 24.7200179.8652     955  .00168    2761    2762    2763     276
     277     253 815.350 177.347     167  .00121    none    2772    2773     277
     278     277 249.080 179.325    2062  .00146    none    2782    2783     278
     279     278 113.850 180.400     150  .00001    none    2792    2793     279
     280     279 82.2300182.1352    1579  .00317    none    2802    2803     280
     281     280 37.5500188.7718     473  .01375    2811    2812    2813     281
     282     280 14.4900187.6905     268  .01530    2821    2822    2823     282
     283     279 28.0600181.2225     919  .00175    2831    2832    2833     283
     284     278 59.4200180.8679     652  .00154    2841    2842    2843     284
     285     277 565.710 177.616    1504  .00021    none    2852    2853     285
     286     285 155.480 178.550     257  .00351    none    2862    2863     286
     287     286 78.7300179.2580    1118  .00099    none    2872    2873     287
     288     287 18.1100179.8649     391  .00129    2881    2882    2883     288
     289     287 45.7800180.8305    1254  .00152    2891    2892    2893     289
     290     286 68.7600178.8830     425  .00095    none    2902    2903     290
     291     290 29.8000179.3778     807  .00100    2911    2912    2913     291
     292     290 17.1900179.1902     379  .00106    2921    2922    2923     292
     293     285 354.210 177.701     217  .00001    none    2932    2933     293
     294     293 302.800 177.886    1148  .00105    none    2942    2943     294
     295     294 235.380 179.125     241  .00125    none    2952    2953     295
     296     295 217.030 179.542     828  .00061    none    2962    2963     296
     297     296 177.460 179.701      14  .00001    none    2972    none     297
     298     297 156.490 180.024    2043  .00030    none    2982    2983     298
     299     298 36.6200181.1620     684  .00176    2991    2992    2993     299
     300     298 55.5400180.4625      97  .00415    none    3002    3003     300
     301     300 20.6500181.1727     535  .00132    3011    3012    3013     301
     302     300 34.0000181.0150     616  .00082    3021    3022    3023     302
     303     297 20.8900180.1805     604  .00133    3031    3032    3033     303
     304     296 28.0600179.7781     711  .00029    3041    3042    3043     304
     305     295 16.9600179.3923     450  .00089    3051    3052    3053     305
     306     294 29.4500179.2214     718  .00112    3061    3062    3063     306
     307     293 36.6600178.7181     655  .00169    3071    3072    3073     307
     308     212 312.150 176.400      94  .00956    none    3082    3083     308
     309     308 105.130 177.276    1034  .00098    none    3092    3093     309
     310     309 47.2200178.3046    1875  .00086    3101    3102    3103     310
     311     309 27.9100178.0387     527  .00266    3111    3112    3113     311
     312     308 206.790 176.892     254  .00198    none    3122    3123     312
     313     312 138.400 176.986     808  .00026    none    3132    3133     313
     314     313 56.9400178.1599    1018  .00168    3141    3142    3143     314
     315     313 57.5100177.9675    1639  .00074    3151    3152    3153     315
     316     312 61.9100177.7247    1672  .00079    3161    3162    3163     316
     317     211 37.7100177.6166     649  .00432    3171    3172    3173     317
     318     200 23.0200177.5423     533  .00601    3181    3182    3183     318
     319     145 21.2800176.4713     512  .00801    3191    3192    3193     319
     320     138 174.540 175.086     416  .00745    none    3202    3203     320
     321     320 138.820 176.778    3418  .00062    3211    3212    3213     321
     322     320 21.6600176.6424     819  .00184    3221    3222    3223     322
     323      99 2700.43  169.53     641  .00204    none    3232    3233     323
     324     323 2507.60  170.00      42  .00001    none    3242    3243     324
     325     324 71.3800171.8334     111  .01897    none    3252    3253     325
     326     325 27.9100173.6706     925  .00239    3261    3262    3263     326
     327     325 41.0000173.1106    1007  .00219    3271    3272    3273     327
     328     324 2435.95  170.41    2176  .00056    none    3282    3283     328
     329     328 2261.95  171.70      40  .01250    none    3292    3293     329
     330     329 182.410 174.130    1529  .00177    none    3302    3303     330
     331     330 48.4800175.7356    1093  .00211    3311    3312    3313     331
     332     330 82.7600175.8695    1828  .00154    3321    3322    3323     332
     333     329 2079.42  171.70     120  .00001    none    3332    3333     333
     334     333 1070.18  172.59    1908  .00116    none    3342    3343     334
     335     334 57.6300176.5924    1569  .00256    3351    3352    3353     335
     336     334 963.110 173.928     537  .00019    none    3362    3363     336
     337     336 30.6200176.3788     507  .00494    3371    3372    3373     337
     338     336 925.620 174.616    1349  .00090    none    3382    3383     338
     339     338 325.360 177.264     468  .00471    none    3392    3393     339
     340     339 230.600 177.760     786  .00090    none    3402    3403     340
     341     340 54.6000178.7761    1123  .00161    3411    3412    3413     341
     342     340 152.130 178.291    1410  .00036    none    3422    3423     342
     343     342 71.7600179.1259    1141  .00106    none    3432    3433     343
     344     343 15.1000179.8005     261  .00001    3441    3442    3443     344
     345     343 21.9200179.8004     258  .00001    3451    3452    3453     345
     346     342 24.0600178.8351     487  .00083    3461    3462    3463     346
     347     339 77.3000178.1270    1985  .00081    3471    3472    3473     347
     348     338 563.240 177.021    4170  .00092    none    3482    3483     348
     349     348 490.120 179.019     832  .00013    none    3492    3493     349
     350     349 212.570 180.218    2305  .00079    none    3502    3503     350
     351     350 171.250 181.585    1025  .00079    none    3512    3513     351
     352     351 105.410 183.971    1701  .00312    none    3522    3523     352
     353     352 20.0600190.5677     394  .01803    3531    3532    3533     353
     354     352 51.3500194.3314    1313  .01341    3541    3542    3543     354
     355     351 49.8200182.7880     569  .00510    3551    3552    3553     355
     356     350 18.9200183.2459     281  .00924    3561    3562    3563     356
     357     349 256.060 179.567     154  .00390    none    3572    3573     357
     358     357 199.230 181.031     159  .00881    none    3582    3583     358
     359     358 15.0400181.1005     305  .00001    3591    3592    3593     359
     360     358 181.200 181.100     231  .00001    none    3602    3603     360
     361     360 154.170 181.101     217  .00001    none    3612    3613     361
     362     361 95.6100181.1358    1203  .00017    3621    3622    3623     362
     363     361 40.0400181.1017     784  .00001    3631    3632    3633     363
     364     360 22.1500181.1314     623  .00017    3641    3642    3643     364
     365     357 55.2000180.6492    1077  .00140    3651    3652    3653     365
     366     348 53.8000180.3958     282  .00497    none    3662    3663     366
     367     366 17.8100180.4479     410  .00074    3671    3672    3673     367
     368     366 30.2700180.4714     571  .00071    3681    3682    3683     368
     369     333 1008.65  174.15      81  .03098    none    3692    3693     369
     370     369 29.9400174.6812    1039  .00078    3701    3702    3703     370
     371     369 976.860 174.759    1076  .00094    none    3712    3713     371
     372     371 19.1300175.2530     439  .00024    3721    3722    3723     372
     373     371 937.190 175.201     413  .00001    none    3732    3733     373
     374     373 432.770 176.572    4123  .00061    none    3742    3743     374
     375     374 254.550 178.406    2128  .00067    none    3752    3753     375
     376     375 43.3700179.5036    1773  .00040    3761    3762    3763     376
     377     375 160.500 179.443    1054  .00058    none    3772    3773     377
     378     377 101.120 179.905     427  .00071    none    3782    3783     378
     379     378 51.2700180.3736    1175  .00077    3791    3792    3793     379
     380     378 46.2600180.3481    1010  .00060    3801    3802    3803     380
     381     377 33.8800179.9766     869  .00081    3811    3812    3813     381
     382     374 72.6500178.1667    1532  .00073    3821    3822    3823     382
     383     373 498.140 175.201     535  .00001    none    3832    3833     383
     384     383 475.160 175.202     294  .00001    none    3842    3843     384
     385     384 265.220 175.920    1115  .00090    none    3852    3853     385
     386     385 177.910 176.276     846  .00072    none    3862    3863     386
     387     386 28.8400176.9649     439  .00069    3871    3872    3873     387
     388     386 131.880 176.800     109  .00001    none    3882    3883     388
     389     388 106.920 176.801     748  .00001    none    3892    3893     389
     390     389 29.7600177.3334     354  .00198    3901    3902    3903     390
     391     389 74.4700176.8541     154  .00065    none    3912    3913     391
     392     391 17.1600177.4395     405  .00174    3921    3922    3923     392
     393     391 56.8500177.0642     499  .00041    none    3932    3933     393
     394     393 11.0600177.4045     276  .00182    3941    3942    3943     394
     395     393 30.2800177.2249     359  .00112    3951    3952    3953     395
     396     388 24.5700177.1686     442  .00091    3961    3962    3963     396
     397     385 48.5400176.7003    1680  .00048    3971    3972    3973     397
     398     384 208.620 175.203     881  .00001    none    3982    3983     398
     399     398 144.430 175.856     962  .00115    none    3992    3993     399
     400     399 31.9200176.3003      90  .00001    none    4002    4003     400
     401     400 13.3700176.7113     287  .00245    4011    4012    4013     401
     402     400 18.3500176.4523     263  .00115    4021    4022    4023     402
     403     399 68.4100176.6074    1376  .00037    none    4032    4033     403
     404     403 23.3000177.2121     300  .00167    4041    4042    4043     404
     405     403 17.8200177.1112     420  .00096    4051    4052    4053     405
     406     398 37.7400176.2231     835  .00144    4061    4062    4063     406
     407     383 18.4600175.6202     446  .00135    4071    4072    4073     407
     408     328 134.110 172.675     193  .01191    none    4082    4083     408
     409     408 28.1400174.1453    1076  .00103    4091    4092    4093     409
     410     408 105.220 173.501     564  .00001    none    4102    4103     410
     411     410 56.6200174.7638    1928  .00120    4111    4112    4113     411
     412     410 39.4900175.2002     901  .00267    4121    4122    4123     412
     413     323 141.760 172.338    1301  .00231    none    4132    4133     413
     414     413 34.1500173.7885     988  .00173    4141    4142    4143     414
     415     413 61.6900173.9480    1146  .00158    4151    4152    4153     415
     416      98 551.010 171.549     772  .00674    none    4162    4163     416
     417     416 46.2700174.3179    1211  .00141    4171    4172    4173     417
     418     416 486.420 174.696    2916  .00066    none    4182    4183     418
     419     418 364.080 175.183    1081  .00010    none    4192    4193     419
     420     419 289.520 175.536    1501  .00047    none    4202    4203     420
     421     420 227.330 175.901     163  .00001    none    4212    4213     421
     422     421 185.580 176.141     930  .00033    none    4222    4223     422
     423     422 12.5100176.5219     280  .00179    4231    4232    4233     423
     424     422 145.350 176.733    2516  .00029    none    4242    4243     424
     425     424 34.5500176.9740     395  .00026    4251    4252    4253     425
     426     424 31.1900177.0292     801  .00026    4261    4262    4263     426
     427     421 39.9500176.1394    1028  .00049    4271    4272    4273     427
     428     420 16.7700176.0402     296  .00068    4281    4282    4283     428
     429     419 43.5100175.6291    1187  .00068    4291    4292    4293     429
     430     418 34.8300175.5253     928  .00065    4301    4302    4303     430
     431      91 108.390 171.960    2278  .00273    4311    4312    4313     431
     432      86 23.8500170.8365     658  .00973    4321    4322    4323     432
     433      85 10339.6  166.75     550  .00073    none    4332    4333     433
     434     433 100.060 167.536    1028  .00088    none    4342    4343     434
     435     434 36.6300170.0326    1053  .00390    4351    4352    4353     435
     436     434 20.2700167.9207     522  .00135    4361    4362    4363     436
     437     433 10232.6  166.94     356  .00029    none    4372    4373     437
     438     437 15.9200167.0331     407  .00123    4381    4382    4383     438
     439     437 10210.2  167.06    1471  .00014    none    4392    4393     439
     440     439 10128.8  167.32     838  .00025    none    4402    4403     440
     441     440 40.0100167.4013     706  .00001    4411    4412    4413     441
     442     440 10070.7  167.50    1616  .00026    none    4422    4423     442
     443     442 24.4100171.8122    1261  .00595    4431    4432    4433     443
     444     442 10015.2  167.86    1060  .00020    none    4442    4443     444
     445     444 172.600 168.356     637  .00111    none    4452    4453     445
     446     445 100.000 175.099    1137  .00608    none    4462    4463     446
     447     446 13.7700175.6575     288  .00070    4471    4472    4473     447
     448     446 62.5000175.9621    1758  .00035    4481    4482    4483     448
     449     445 65.5100169.6590    2106  .00267    4491    4492    4493     449
     450     444 9805.18  168.00     138  .00001    none    4502    4503     450
     451     450 15.5400168.0903     456  .00023    4511    4512    4513     451
     452     450 9788.41  168.11     949  .00022    none    4522    4523     452
     453     452 9744.63  168.38    1340  .00023    none    4532    4533     453
     454     453 9692.18  168.58     410  .00025    none    4542    4543     454
     455     454 9656.71  168.70     978  .00011    none    4552    4553     455
     456     455 13.0200171.1573     255  .02315    4561    4562    4563     456
     457     455 9618.49  168.70      71  .00001    none    4572    4573     457
     458     457 9596.50  169.13     638  .00079    none    4582    4583     458
     459     458 30.3400173.6662     489  .01515    4591    4592    4593     459
     460     458 9556.32  169.30     717  .00042    none    4602    4603     460
     461     460 14.2600171.1196     364  .01924    4611    4612    4613     461
     462     460 9529.90  169.58     712  .00015    none    4622    4623     462
     463     462 223.010 169.601     534  .00001    none    4632    4633     463
     464     463 124.840 169.602     102  .00001    none    4642    4643     464
     465     464 41.7900174.2501     865  .00856    4651    4652    4653     465
     466     464 81.9700169.7285     122  .00326    none    4662    4663     466
     467     466 62.8100170.3347     640  .00094    none    4672    4673     467
     468     467 23.7000170.6958     772  .00027    4681    4682    4683     468
     469     467 18.9400170.8230     437  .00115    4691    4692    4693     469
     470     466 15.9300170.1819     363  .00083    4701    4702    4703     470
     471     463 84.5800170.1242     933  .00086    none    4712    4713     471
     472     471 37.7300170.5828    1041  .00030    4721    4722    4723     472
     473     471 24.2500170.4033     449  .00023    4731    4732    4733     473
     474     462 9275.26  169.60     484  .00001    none    4742    4743     474
     475     474 7525.79  169.76    1989  .00021    none    4752    4753     475
     476     475 7425.46  170.22    1285  .00032    none    4762    4763     476
     477     476 1797.52  170.45     283  .00036    none    4772    4773     477
     478     477 1589.08  170.65    1214  .00017    none    4782    4783     478
     479     478 50.8000172.2876    1490  .00430    4791    4792    4793     479
     480     478 1518.25  171.14     569  .00089    none    4802    4803     480
     481     480 1458.85  171.20      72  .00001    none    4812    4813     481
     482     481 1128.39  171.25     722  .00015    none    4822    4823     482
     483     482 1085.79  171.40      48  .00207    none    4832    4833     483
     484     483 1065.67  174.64    1385  .00405    none    4842    4843     484
     485     484 301.560 178.051    2327  .00078    none    4852    4853     485
     486     485 47.1300179.1720    1040  .00058    4861    4862    4863     486
     487     485 181.400 179.640    2598  .00051    none    4872    4873     487
     488     487 27.8200180.1010     441  .00001    4881    4882    4883     488
     489     487 91.4300180.9274    3342  .00046    4891    4892    4893     489
     490     484 741.800 177.093     148  .00203    none    4902    4903     490
     491     490 28.1700177.6228     820  .00074    4911    4912    4913     491
     492     490 713.050 177.300     182  .00001    none    4922    4923     492
     493     492 689.660 177.326     465  .00022    none    4932    4933     493
     494     493 61.0900178.7032     382  .00471    none    4942    4943     494
     495     494 30.9300179.2791     713  .00015    4951    4952    4953     495
     496     494 14.5600179.2006     262  .00001    4961    4962    4963     496
     497     493 596.680 177.401     523  .00001    none    4972    4973     497
     498     497 556.290 177.576     371  .00054    none    4982    4983     498
     499     498 521.840 177.813    1075  .00047    none    4992    4993     499
     500     499 35.9100179.1243     944  .00128    5001    5002    5003     500
     501     499 454.750 178.100     231  .00001    none    5012    5013     501
     502     501 415.310 178.325     548  .00092    none    5022    5023     502
     503     502 218.950 178.822     858  .00036    none    5032    5033     503
     504     503 24.6800178.9945     394  .00051    5041    5042    5043     504
     505     503 168.980 179.921    1574  .00083    none    5052    5053     505
     506     505 21.2200180.3080     588  .00052    5061    5062    5063     506
     507     505 98.2600180.2107    2747  .00019    5071    5072    5073     507
     508     502 175.710 178.664     139  .00073    none    5082    5083     508
     509     508 111.930 179.085    2254  .00027    5091    5092    5093     509
     510     508 58.9400178.8066    1227  .00042    5101    5102    5103     510
     511     501 34.7000178.5222     759  .00093    5111    5112    5113     511
     512     498 22.5600177.6982     510  .00040    5121    5122    5123     512
     513     497 18.7300177.6771     419  .00096    5131    5132    5133     513
     514     492 18.0200177.3008     342  .00001    5141    5142    5143     514
     515     483 19.8800171.6527     430  .00094    5151    5152    5153     515
     516     482 16.5500171.5803     658  .00062    5161    5162    5163     516
     517     481 328.080 171.201      68  .00001    none    5172    5173     517
     518     517 19.9100171.2380     311  .00065    5181    5182    5183     518
     519     517 307.380 171.586    2369  .00030    none    5192    5193     519
     520     519 170.050 178.047    3088  .00227    none    5202    5203     520
     521     520 48.7300179.4574    1200  .00059    5211    5212    5213     521
     522     520 15.7300179.1001     382  .00079    5221    5222    5223     522
     523     519 65.5100172.1402    1758  .00080    5231    5232    5233     523
     524     480 45.6300171.2012     310  .00001    none    5242    5243     524
     525     524 14.9400171.2016     350  .00001    5251    5252    5253     525
     526     524 23.0500171.2627     616  .00033    5261    5262    5263     526
     527     477 205.360 170.765    1418  .00029    none    5272    5273     527
     528     527 153.620 170.901     187  .00001    none    5282    5283     528
     529     528 135.410 170.902     135  .00001    none    5292    5293     529
     530     529 77.4300171.0186    1532  .00059    5301    5302    5303     530
     531     529 56.1300171.1784    1238  .00065    5311    5312    5313     531
     532     528 16.0100170.9362     271  .00074    5321    5322    5323     532
     533     527 18.0800171.0825     625  .00049    5331    5332    5333     533
     534     476 5589.18  170.67    2345  .00026    none    5342    5343     534
     535     534 3777.68  171.14    1455  .00015    none    5352    5353     535
     536     535 3054.94  171.38      57  .00351    none    5362    5363     536
     537     536 3022.42  171.40     139  .00001    none    5372    5373     537
     538     537 3007.42  171.63    2092  .00020    none    5382    5383     538
     539     538 345.820 171.974     776  .00052    none    5392    5393     539
     540     539 251.060 172.201     694  .00001    none    5402    5403     540
     541     540 29.5900172.4730     799  .00038    5411    5412    5413     541
     542     540 207.870 172.422     371  .00135    none    5422    5423     542
     543     542 52.0300174.2858    1353  .00156    5431    5432    5433     543
     544     542 153.220 172.758     907  .00023    none    5442    5443     544
     545     544 36.0700174.0919     606  .00331    5451    5452    5453     545
     546     544 109.260 172.900     236  .00001    none    5462    5463     546
     547     546 17.8800176.3464     480  .00916    5471    5472    5473     547
     548     546 89.2900173.0526     519  .00058    none    5482    5483     548
     549     548 45.6800173.8562     189  .00635    none    5492    5493     549
     550     549 21.8200176.9614     628  .00765    5501    5502    5503     550
     551     549 22.4900175.3750     298  .00906    5511    5512    5513     551
     552     548 34.1600173.7744    1191  .00253    5521    5522    5523     552
     553     539 84.1600172.6261    2142  .00038    none    5532    5533     553
     554     553 17.9100173.0946     435  .00047    5541    5542    5543     554
     555     553 15.7800173.0858     738  .00014    5551    5552    5553     555
     556     538 2600.24  171.80     131  .00001    none    5562    5563     556
     557     556 2561.46  172.01    1178  .00052    none    5572    5573     557
     558     557 2313.90  172.40     829  .00001    none    5582    5583     558
     559     558 15.1700172.4042     507  .00020    5591    5592    5593     559
     560     558 2287.41  172.40     484  .00001    none    5602    5603     560
     561     560 112.390 172.587     622  .00049    none    5612    5613     561
     562     561 90.8900172.7012    1129  .00001    none    5622    5623     562
     563     562 30.1500172.8656     576  .00052    5631    5632    5633     563
     564     562 32.8400172.8409     569  .00036    5641    5642    5643     564
     565     561 11.7400172.7005     375  .00001    5651    5652    5653     565
     566     560 2168.10  172.59     227  .00176    none    5662    5663     566
     567     566 19.6100172.8006     559  .00001    5671    5672    5673     567
     568     566 2145.99  172.98     684  .00059    none    5682    5683     568
     569     568 131.330 173.567    1629  .00044    none    5692    5693     569
     570     569 14.3300173.9794     294  .00103    5701    5702    5703     570
     571     569 63.0600174.4861    1647  .00310    5711    5712    5713     571
     572     568 2005.95  173.56    1171  .00052    none    5722    5723     572
     573     572 1950.87  174.11     529  .00076    none    5732    5733     573
     574     573 136.700 176.361    1730  .00186    none    5742    5743     574
     575     574 34.5700178.2684    1024  .00176    5751    5752    5753     575
     576     574 73.2600178.8948    1742  .00139    5761    5762    5763     576
     577     573 1811.90  176.11    2439  .00116    none    5772    5773     577
     578     577 374.400 177.871    1345  .00105    none    5782    5783     578
     579     578 16.4900181.3892     465  .00753    5791    5792    5793     579
     580     578 319.560 179.086     598  .00218    none    5802    5803     580
     581     580 22.0500181.9500     333  .00751    5811    5812    5813     581
     582     580 287.260 180.392    1130  .00107    none    5822    5823     582
     583     582 121.820 180.938     185  .00109    none    5832    5833     583
     584     583 98.3800181.5077     142  .00984    none    5842    5843     584
     585     584 22.0500188.7426     590  .01713    5851    5852    5853     585
     586     584 62.0400182.6968    1205  .00109    5861    5862    5863     586
     587     583 16.1600186.2649     424  .02006    5871    5872    5873     587
     588     582 121.560 187.668    2713  .00447    5881    5882    5883     588
     589     577 1401.69  177.93     161  .00623    none    5892    5893     589
     590     589 1282.49  178.21     328  .00153    none    5902    5903     590
     591     590 269.600 179.340     129  .00853    none    5912    5913     591
     592     591 20.8700180.8217     708  .00283    5921    5922    5923     592
     593     591 240.140 180.142     285  .00281    none    5932    5933     593
     594     593 22.8100181.3711     372  .00323    5941    5942    5943     594
     595     593 209.340 180.841     323  .00248    none    5952    5953     595
     596     595 95.6800181.5695     469  .00086    none    5962    5963     596
     597     596 40.8000181.7433     898  .00034    5971    5972    5973     597
     598     596 47.4000186.3126    1235  .01094    5981    5982    5983     598
     599     595 107.470 181.380     187  .00161    none    5992    5993     599
     600     599 19.4100181.7730     530  .00095    6001    6002    6003     600
     601     599 75.9000181.5176     259  .00039    none    6012    6013     601
     602     601 43.5900181.9001     255  .00197    none    6022    6023     602
     603     602 18.8200184.1024     507  .01144    6031    6032    6033     603
     604     602 20.3800182.6065     343  .00321    6041    6042    6043     604
     605     601 28.7000182.4939     749  .00241    6051    6052    6053     605
     606     590 1006.09  181.30    2620  .00192    none    6062    6063     606
     607     606 719.660 183.692     308  .00228    none    6072    6073     607
     608     607 203.810 184.785     557  .00162    none    6082    6083     608
     609     608 153.850 187.315    1455  .00303    none    6092    6093     609
     610     609 31.6800191.1870     522  .00594    6101    6102    6103     610
     611     609 46.2800190.5239     794  .00265    6111    6112    6113     611
     612     608 31.1000190.3875     735  .01238    6121    6122    6123     612
     613     607 509.980 185.223     553  .00290    none    6132    6133     613
     614     613 229.260 187.446     440  .00819    none    6142    6143     614
     615     614 187.910 190.448     466  .00452    none    6152    6153     615
     616     615 26.3900195.1279     705  .00823    6161    6162    6163     616
     617     615 137.000 195.945    1561  .00475    none    6172    6173     617
     618     617 25.2000200.9408     556  .00899    6181    6182    6183     618
     619     617 36.0600200.0102     610  .00508    6191    6192    6193     619
     620     614 25.3000193.7962     634  .01373    6201    6202    6203     620
     621     613 260.700 193.107    2570  .00697    none    6212    6213     621
     622     621 50.3500203.7002      88  .00001    none    6222    6223     622
     623     622 29.8600207.4308     976  .00697    6231    6232    6233     623
     624     622 20.0600207.1837     610  .01311    6241    6242    6243     624
     625     621 98.0200203.7005     525  .00001    none    6252    6253     625
     626     625 27.5500204.1256     330  .00516    6261    6262    6263     626
     627     625 34.2500204.9914     516  .00562    6271    6272    6273     627
     628     606 239.920 186.124     533  .00695    none    6282    6283     628
     629     628 142.260 188.570     370  .00675    none    6292    6293     629
     630     629 106.770 190.200     163  .00491    none    6302    6303     630
     631     630 17.7700192.1778     311  .00964    6311    6312    6313     631
     632     630 86.4000191.2647     195  .00616    none    6322    6323     632
     633     632 64.1400197.7093    1534  .00821    6331    6332    6333     633
     634     632 19.9500195.6100     691  .01056    6341    6342    6343     634
     635     629 15.4100191.6500     297  .01110    6351    6352    6353     635
     636     628 70.7000187.8833      81  .01239    none    6362    6363     636
     637     636 40.3700190.4556     644  .00591    6371    6372    6373     637
     638     636 29.7700191.4319     507  .01065    6381    6382    6383     638
     639     589 118.470 178.878     234  .00556    none    6392    6393     639
     640     639 35.6100180.9009    1223  .00238    6401    6402    6403     640
     641     639 81.0400181.1320    2144  .00169    6411    6412    6413     641
     642     572 42.9700176.7693    1603  .00356    6421    6422    6423     642
     643     557 233.050 172.441    1181  .00018    none    6432    6433     643
     644     643 18.1500172.7235     370  .00109    6441    6442    6443     644
     645     643 182.650 173.771    1146  .00385    none    6452    6453     645
     646     645 37.8800178.7433    1227  .00180    6461    6462    6463     646
     647     645 105.020 178.426    1308  .00138    none    6472    6473     647
     648     647 32.8000178.8803     350  .00058    6481    6482    6483     648
     649     647 25.5700178.8351     251  .00041    6491    6492    6493     649
     650     556 37.0700171.9284     927  .00022    6501    6502    6503     650
     651     537 11.5800171.4629     273  .00220    6511    6512    6513     651
     652     536 32.2500171.5590     990  .00031    6521    6522    6523     652
     653     535 687.570 171.670     881  .00058    none    6532    6533     653
     654     653 612.690 171.702     376  .00001    none    6542    6543     654
     655     654 33.1200171.7030    1067  .00001    6551    6552    6553     655
     656     654 576.370 171.702     290  .00001    none    6562    6563     656
     657     656 557.910 171.703     194  .00001    none    6572    6573     657
     658     657 26.6300171.7206     295  .00034    6581    6582    6583     658
     659     657 522.600 171.703     265  .00001    none    6592    6593     659
     660     659 32.1700171.7588     764  .00027    6601    6602    6603     660
     661     659 483.020 171.789    1522  .00047    none    6612    6613     661
     662     661 272.510 172.400     118  .00001    none    6622    6623     662
     663     662 145.700 172.401     428  .00001    none    6632    6633     663
     664     663 42.2300172.4012     194  .00001    none    6642    6643     664
     665     664 22.1700172.4019     519  .00001    6651    6652    6653     665
     666     664 15.9300172.4018     387  .00001    6661    6662    6663     666
     667     663  99.310 172.402    1046  .00001    none    6672    6673     667
     668     667 48.1500173.7363     925  .00682    6681    6682    6683     668
     669     667 17.8900172.4031     257  .00001    6691    6692    6693     669
     670     662 122.070 176.193     932  .00666    none    6702    6703     670
     671     670 29.6200178.6071     817  .00013    6711    6712    6713     671
     672     670 43.7100178.7737     589  .00052    6721    6722    6723     672
     673     661 160.800 172.407     193  .00052    none    6732    6733     673
     674     673 144.130 177.558    1030  .00719    none    6742    6743     674
     675     674 51.0800180.7562    1622  .00099    6751    6752    6753     675
     676     674 62.0700181.1289    1441  .00167    6761    6762    6763     676
     677     673 12.4700176.5625     294  .03029    6771    6772    6773     677
     678     656 15.7800171.7029     460  .00001    6781    6782    6783     678
     679     653 57.5300171.7272     807  .00025    6791    6792    6793     679
     680     534 1746.46  171.72    2400  .00067    none    6802    6803     680
     681     680 1536.42  173.22     575  .00192    none    6812    6813     681
     682     681 30.3100178.3000     543  .01603    6821    6822    6823     682
     683     681 1478.01  173.99     169  .00356    none    6832    6833     683
     684     683 1194.16  174.48     125  .00241    none    6842    6843     684
     685     684 26.7700180.3778     681  .01924    6851    6852    6853     685
     686     684 1165.62  176.19    1082  .00278    none    6862    6863     686
     687     686 430.050 179.344     599  .00602    none    6872    6873     687
     688     687 364.780 181.590     112  .00445    none    6882    6883     688
     689     688 24.6800184.8067     370  .01728    6891    6892    6893     689
     690     688 338.470 182.268     231  .00476    none    6902    6903     690
     691     690 279.240 183.244     111  .00543    none    6912    6913     691
     692     691 14.9000187.5480     287  .02159    6921    6922    6923     692
     693     691 260.890 184.547     443  .00497    none    6932    6933     693
     694     693 68.7900186.5158     231  .00778    none    6942    6943     694
     695     694 45.2500191.1507     952  .00683    6951    6952    6953     695
     696     694 15.9100188.8714     260  .00963    6961    6962    6963     696
     697     693 181.060 185.918     143  .00280    none    6972    6973     697
     698     697 24.1200190.0453     617  .01183    6981    6982    6983     698
     699     697 155.800 188.366    1101  .00427    none    6992    6993     699
     700     699 73.6000198.6432    1799  .00884    7001    7002    7003     700
     701     699 39.4000194.5747     796  .01094    7011    7012    7013     701
     702     690 41.4300189.5302    1496  .00889    7021    7022    7023     702
     703     687 40.8000188.8222    1254  .01157    7031    7032    7033     703
     704     686 702.600 179.839     605  .01818    none    7042    7043     704
     705     704 640.000 188.600      42  .00001    none    7052    7053     705
     706     705 45.3900188.8386     381  .00394    none    7062    7063     706
     707     706 22.6100200.7952    1492  .01059    7071    7072    7073     707
     708     706 15.9300190.7485     356  .00591    7081    7082    7083     708
     709     705 593.960 188.600     414  .00001    none    7092    7093     709
     710     709 36.2500192.8056    1048  .01184    7101    7102    7103     710
     711     709 550.170 188.601     328  .00001    none    7112    7113     711
     712     711 417.600 188.729     776  .00117    none    7122    7123     712
     713     712 82.8200195.6472     602  .01131    none    7132    7133     713
     714     713 16.8700198.6000     392  .01403    7141    7142    7143     714
     715     713 29.6900199.6918     838  .01051    7151    7152    7153     715
     716     712 312.100 191.459     747  .00415    none    7162    7163     716
     717     716 242.860 193.485     233  .00601    none    7172    7173     717
     718     717 201.460 194.840     291  .00550    none    7182    7183     718
     719     718 180.160 201.305    1896  .00570    none    7192    7193     719
     720     719 55.4600210.3501    1045  .00632    7201    7202    7203     720
     721     719 21.5500207.8138     323  .00681    7211    7212    7213     721
     722     718 16.8000198.8667     310  .02062    7221    7222    7223     722
     723     717 34.3900199.0868     646  .01471    7231    7232    7233     723
     724     716 35.7900198.9919     738  .01368    7241    7242    7243     724
     725     711 107.830 189.242     847  .00284    none    7252    7253     725
     726     725 18.5900194.4625     403  .01614    7261    7262    7263     726
     727     725 56.4800196.7895     888  .01149    7271    7272    7273     727
     728     704 33.8700189.8674     846  .00485    7281    7282    7283     728
     729     683 281.090 175.800     256  .01018    none    7292    7293     729
     730     729 79.2100189.5769    2007  .00878    7301    7302    7303     730
     731     729 198.900 186.203     551  .01779    none    7312    7313     731
     732     731 104.800 186.701     755  .00001    none    7322    7323     732
     733     732 44.9400191.4541     754  .01101    7331    7332    7333     733
     734     732 23.9100191.3763     862  .00835    7341    7342    7343     734
     735     731 50.1800186.7010     207  .00001    none    7352    7353     735
     736     735 24.8200190.1899     821  .00683    7361    7362    7363     736
     737     735 17.0800188.1897     445  .01080    7371    7372    7373     737
     738     680 136.120 185.473     734  .02263    none    7382    7383     738
     739     738 44.8800189.3754     953  .00200    7391    7392    7393     739
     740     738 72.0400189.8780    1806  .00194    7401    7402    7403     740
     741     475 38.8100170.6849    2050  .00040    7411    7412    7413     741
     742     474 1742.38  169.97    3353  .00034    none    7422    7423     742
     743     742 1472.22  171.38     479  .00210    none    7432    7433     743
     744     743 12.1600171.7008     273  .00001    7441    7442    7443     744
     745     743 1448.77  171.70     137  .00001    none    7452    7453     745
     746     745 18.0800171.7010     382  .00001    7461    7462    7463     746
     748     745 1368.93  171.70     354  .00001    none    7482    7483     748
     749     748 95.5600172.8152     975  .00503    none    7492    7493     749
     750     749 45.0100183.0371     588  .01123    7501    7502    7503     750
     751     749 23.4200179.9952     493  .01745    7511    7512    7513     751
     752     748 1269.72  173.12    1584  .00196    none    7522    7523     752
     753     752 33.3700182.8847     774  .01421    7531    7532    7533     753
     754     752 1195.61  175.88    1155  .00165    none    7542    7543     754
     755     754 1134.57  177.36     411  .00220    none    7552    7553     755
     756     755 542.700 179.245     883  .00295    none    7562    7563     756
     757     756 67.9800187.7612    1338  .00897    7571    7572    7573     757
     758     756 433.020 181.009     261  .00421    none    7582    7583     758
     759     758 31.0600186.9254     836  .01173    7591    7592    7593     759
     760     758 396.890 183.107     857  .00362    none    7602    7603     760
     761     760 200.790 185.341     224  .00626    none    7612    7613     761
     762     761 35.4800192.1019    1138  .00800    7621    7622    7623     762
     763     761 161.870 189.016     611  .00835    none    7632    7633     763
     764     763 104.800 191.315     165  .01153    none    7642    7643     764
     765     764 85.0000192.8003     211  .00001    none    7652    7653     765
     766     765 38.1000195.5220     652  .00844    7661    7662    7663     766
     767     765 37.7200197.3570    1054  .00958    7671    7672    7673     767
     768     764 17.8200193.5658     383  .00705    7681    7682    7683     768
     769     763 26.1100194.0546     654  .01132    7691    7692    7693     769
     770     760 154.590 186.656     628  .00749    none    7702    7703     770
     771     770 106.310 189.633      38  .02090    none    7712    7713     771
     772     771 22.5000191.0000     566  .00566    7721    7722    7723     772
     773     771 83.7200193.1075    1300  .00770    7731    7732    7733     773
     774     770 17.8600192.2972     367  .01474    7741    7742    7743     774
     775     755 585.940 178.640     645  .00264    none    7752    7753     775
     776     775 519.360 180.620     410  .00538    none    7762    7763     776
     777     776 22.7700185.1800     333  .01921    7771    7772    7773     777
     778     776 482.670 182.825     269  .00744    none    7782    7783     778
     779     778 262.340 183.821     161  .00374    none    7792    7793     779
     780     779 32.1200188.2467     483  .01449    7801    7802    7803     780
     781     779 228.310 184.865     289  .00485    none    7812    7813     781
     782     781 20.1000190.1909     477  .01739    7821    7822    7823     782
     783     781 197.250 186.139     197  .00509    none    7832    7833     783
     784     783 43.3600193.8605    1252  .00983    7841    7842    7843     784
     785     783 149.260 188.166     601  .00599    none    7852    7853     785
     786     785 80.8000190.9077     355  .00423    none    7862    7863     786
     787     786 49.8800194.4984     726  .00799    7871    7872    7873     787
     788     786 16.5700194.5193     380  .01367    7881    7882    7883     788
     789     785 37.1100194.3044     813  .00862    7891    7892    7893     789
     790     778 201.790 185.350     680  .00544    none    7902    7903     790
     791     790 150.440 188.161     421  .00499    none    7912    7913     791
     792     791 77.2900191.7652     848  .00684    none    7922    7923     792
     793     792 29.4900196.7447     622  .00531    7931    7932    7933     793
     794     792 20.6800197.1924     739  .00555    7941    7942    7943     794
     795     791 51.2000190.2782     403  .00596    none    7952    7953     795
     796     795 19.2100193.9931     665  .00707    7961    7962    7963     796
     797     795 18.2100192.5667     272  .00662    7971    7972    7973     797
     798     790 18.3000190.2326     500  .01059    7981    7982    7983     798
     799     775 42.4300184.0837     509  .01730    7991    7992    7993     799
     800     754 21.0400182.8751     378  .02593    8001    8002    8003     800
     801     745 53.8800174.3907    1020  .00883    8011    8012    8013     801
     802     742 170.750 174.624    1098  .00747    none    8022    8023     802
     803     802 81.8000180.0539     167  .01256    none    8032    8033     803
     804     803 61.0500185.5603     979  .01022    8041    8042    8043     804
     805     803 17.6800186.1667     414  .01788    8051    8052    8053     805
     806     802 27.3800183.4571     425  .01578    8061    8062    8063     806
     807     457 21.6700169.0341     489  .00103    8071    8072    8073     807
     808     454 26.2800168.7333     796  .00051    8081    8082    8083     808
     809     453 16.3800168.6518     489  .00082    8091    8092    8093     809
     810     452 22.4500168.4348     709  .00057    8101    8102    8103     810
     811     439 46.5900167.7388    2679  .00031    8111    8112    8113     811
     812      84 17.4100166.0100    1089  .00028    8121    8122    8123     812
     813      15 6565.87  165.14     410  .00025    none    8132    8133     813
     814     813 6526.45  165.33     948  .00022    none    8142    8143     814
     815     814 6401.15  165.40     155  .00001    none    8152    8153     815
     816     815 12.3800165.5444     300  .00134    8161    8162    8163     816
     817     815 6382.04  165.40     713  .00001    none    8172    8173     817
     818     817 13.4000165.5064     300  .00166    8181    8182    8183     818
     819     817 6337.74  165.40     260  .00001    none    8192    8193     819
     820     819 15.1900165.5689     360  .00083    8201    8202    8203     820
     821     819 6317.61  165.40     443  .00001    none    8212    8213     821
     822     821 139.440 165.404     389  .00001    none    8222    8223     822
     823     822 55.1300165.6572     922  .00076    8231    8232    8233     823
     824     822 71.9600165.9983    2506  .00041    8241    8242    8243     824
     825     821 6159.91  165.43     446  .00022    none    8252    8253     825
     826     825 5240.35  165.57    2122  .00006    none    8262    8263     826
     827     826 37.7200165.6024      64  .00001    none    8272    none     827
     828     827 21.0600166.2056     734  .00109    8281    8282    8283     828
     829     827 16.4400166.0702     370  .00162    8291    8292    8293     829
     830     826 5151.21  165.60     182  .00001    none    8302    8303     830
     831     830 45.6800166.7232    1973  .00077    8311    8312    8313     831
     832     830 5099.65  165.60     174  .00001    none    8322    8323     832
     833     832 4273.57  165.61     709  .00014    none    8332    8333     833
     834     833 77.8300166.2500      68  .01026    none    8342    8343     834
     835     834 20.9800166.7342     557  .00091    8351    8352    8353     835
     836     834 56.2700166.6320     805  .00051    8361    8362    8363     836
     837     833 4175.34  166.31     416  .00193    none    8372    8373     837
     838     837 23.9100166.6978     480  .00167    8381    8382    8383     838
     839     837 4131.80  167.09    1641  .00050    none    8392    8393     839
     840     839 168.750 167.301      71  .00001    none    8402    8403     840
     841     840 142.740 167.301     520  .00001    none    8412    8413     841
     842     841 28.5600167.6799     923  .00098    8421    8422    8423     842
     843     841 97.2900167.3016     288  .00001    none    8432    8433     843
     844     843 45.5800167.3811     938  .00011    8441    8442    8443     844
     845     843 30.0900167.3363    1139  .00018    8451    8452    8453     845
     846     840 24.9000167.3017    1222  .00001    8461    8462    8463     846
     847     839 3909.23  167.36    1766  .00023    none    8472    8473     847
     848     847 3782.45  167.70      68  .00001    none    8482    8483     848
     849     848 3715.27  167.70     718  .00001    none    8492    8493     849
     850     849 2824.91  167.77     207  .00048    none    8502    8503     850
     851     850 117.140 167.801    1103  .00001    none    8512    8513     851
     852     851 50.4800167.8952    1333  .00016    8521    8522    8523     852
     853     851 30.0800167.8029    1155  .00001    8531    8532    8533     853
     854     850 2706.51  167.80     211  .00001    none    8542    8543     854
     855     854 32.7600167.8358    1169  .00009    8551    8552    8553     855
     856     854 2671.03  167.80     247  .00001    none    8562    8563     856
     857     856 2606.91  167.82     579  .00018    none    8572    8573     857
     858     857 1765.29  167.90     201  .00001    none    8582    8583     858
     859     858 23.8900167.9011     659  .00001    8591    8592    8593     859
     860     858 1736.51  167.90    1374  .00001    none    8602    8603     860
     861     860 23.9300167.9030     281  .00001    8611    8612    8613     861
     862     860 1661.64  168.10     381  .00079    none    8622    8623     862
     863     862 26.4700168.4585     435  .00139    8631    8632    8633     863
     864     862 1603.17  168.20    2843  .00001    none    8642    8643     864
     865     864 32.9600168.6259    1023  .00069    8651    8652    8653     865
     866     864 1485.43  168.21    1231  .00001    none    8662    8663     866
     867     866 1431.71  168.21     380  .00001    none    8672    8673     867
     868     867 29.3600168.6806     470  .00212    8681    8682    8683     868
     869     867 1398.10  168.21     307  .00001    none    8692    8693     869
     870     869 150.530 168.209     411  .00001    none    8702    8703     870
     871     870 20.1900168.4321     376  .00184    8711    8712    8713     871
     872     870 120.910 168.912     811  .00123    none    8722    8723     872
     873     872 24.6500169.6180    1430  .00078    8731    8732    8733     873
     874     872 66.7700169.2009     173  .00001    none    8742    8743     874
     875     874 33.5300169.4468     954  .00053    8751    8752    8753     875
     876     874 26.3300169.3507     350  .00143    8761    8762    8763     876
     877     869 1243.89  168.35     525  .00209    none    8772    8773     877
     878     877 1055.81  169.30     477  .00001    none    8782    8783     878
     879     878 75.2600169.3010     173  .00001    none    8792    8793     879
     880     879 45.5900169.9005    1352  .00082    8801    8802    8803     880
     881     879 27.5500169.4948     570  .00106    8811    8812    8813     881
     882     878 975.430 169.587     971  .00083    none    8822    8823     882
     883     882 503.050 170.199     842  .00072    none    8832    8833     883
     884     883 61.9600170.7003      57  .00001    none    8842    8843     884
     885     884 31.3900170.7013    1102  .00001    8851    8852    8853     885
     886     884 30.0400170.7005     336  .00001    8861    8862    8863     886
     887     883 413.650 171.894    1170  .00325    none    8872    8873     887
     888     887 340.530 176.126     730  .00480    none    8882    8883     888
     889     888 59.9700182.0125     659  .01198    8891    8892    8893     889
     890     888 243.230 179.433     388  .00671    none    8902    8903     890
     891     890 203.630 182.402     493  .00711    none    8912    8913     891
     892     891 36.2300190.0418     662  .01420    8921    8922    8923     892
     893     891 146.040 187.958     839  .00811    none    8932    8933     893
     894     893 91.9400192.2795     465  .00711    none    8942    8943     894
     895     894 21.0000195.7890     854  .00352    8951    8952    8953     895
     896     894 56.5100194.8840     308  .00487    none    8962    8963     896
     897     896 20.5500196.8307     582  .00413    8971    8972    8973     897
     898     896 27.3100196.5709     608  .00329    8981    8982    8983     898
     899     893 20.8600193.0053     438  .00868    8991    8992    8993     899
     900     890 33.3000186.0290     459  .01962    9001    9002    9003     900
     901     887 32.7100183.6559     788  .01867    9011    9012    9013     901
     902     882 455.310 170.101     102  .00001    none    9022    9023     902
     903     902 23.7100175.9712     711  .02447    9031    9032    9033     903
     904     902 430.280 173.528    1620  .00408    none    9042    9043     904
     905     904 328.590 177.708     326  .00552    none    9052    9053     905
     906     905 42.2700180.1556     111  .02259    none    9062    9063     906
     907     906 28.0200189.7191     440  .02226    9071    9072    9073     907
     908     906 13.2700190.7047     506  .02153    9081    9082    9083     908
     909     905 281.380 181.731     885  .00645    none    9092    9093     909
     910     909 169.760 185.288     181  .01107    none    9102    9103     910
     911     910 52.5800193.8269    1337  .00838    9111    9112    9113     911
     912     910 113.540 186.921     173  .00751    none    9122    9123     912
     913     912 93.2800191.7227     715  .01049    none    9132    9133     913
     914     913 34.2600198.3411     626  .00910    9141    9142    9143     914
     915     913 32.7800197.3000     522  .00862    9151    9152    9153     915
     916     912 18.5400192.6069     340  .02208    9161    9162    9163     916
     917     909 58.1900192.0075    1401  .00892    9171    9172    9173     917
     918     904 58.2600181.9848     539  .01801    none    9182    9183     918
     919     918 14.4900188.5958     269  .01301    9191    9192    9193     919
     920     918 14.3000189.5044     271  .01621    9201    9202    9203     920
     921     877 177.290 169.300      14  .00001    none    none    9213     921
     922     921 60.0600169.3009     792  .00001    none    9222    9223     922
     923     922 18.2300169.6350     263  .00342    9231    9232    9233     923
     924     922 30.4200177.5488     884  .01911    9241    9242    9243     924
     925     921 116.880 170.014     527  .00627    none    9252    9253     925
     926     925 38.8100174.2272    1107  .00841    9261    9262    9263     926
     927     925 61.6600176.7494     874  .01647    none    9272    9273     927
     928     927 24.3500187.4827     487  .00411    9281    9282    9283     928
     929     927 19.2000187.0004     369  .00001    9291    9292    9293     929
     930     866 33.6600168.4779     805  .00137    9301    9302    9303     930
     931     857 826.710 167.983     497  .00021    none    9312    9313     931
     932     931 15.4800168.0011     321  .00001    9321    9322    9323     932
     933     931 791.090 168.001     350  .00001    none    9332    9333     933
     934     933 32.8700168.3153     928  .00065    9341    9342    9343     934
     935     933 737.170 168.002     169  .00001    none    9352    9353     935
     936     935 139.030 168.024     134  .00074    none    9362    9363     936
     937     936 26.0900168.4220     361  .00194    9371    9372    9373     937
     938     936 107.970 168.297     420  .00072    none    9382    9383     938
     939     938 22.3500168.6037     317  .00127    9391    9392    9393     939
     940     938 81.8900168.9510    1787  .00079    9401    9402    9403     940
     941     935 596.510 168.223     367  .00137    none    9412    9413     941
     942     941 559.670 168.571     930  .00022    none    9422    9423     942
     943     942 35.6200176.1387    1100  .01737    9431    9432    9433     943
     944     942 491.450 170.008     651  .00784    none    9442    9443     944
     945     944 459.640 173.801     570  .00001    none    9452    9453     945
     946     945 21.2600177.7380     360  .01998    9461    9462    9463     946
     947     945 405.870 174.149     356  .00253    none    9472    9473     947
     948     947 368.150 178.100     557  .01096    none    9482    9483     948
     949     948 308.610 180.829     828  .00025    none    9492    9493     949
     950     949 85.9000189.9950    2066  .00760    9501    9502    9503     950
     951     949 176.920 184.934    1063  .00697    none    9512    9513     951
     952     951 31.6000190.3483     320  .00751    9521    9522    9523     952
     953     951 82.0400189.1273     135  .00816    none    9532    9533     953
     954     953 60.8300192.6895     974  .00657    9541    9542    9543     954
     955     953 17.2800191.7727     371  .01104    9551    9552    9553     955
     956     948 13.0100181.6695     293  .00819    9561    9562    9563     956
     957     947 22.4500180.0500     355  .03300    9571    9572    9573     957
     958     944 14.8600178.8077     448  .02232    9581    9582    9583     958
     959     941 33.1900171.5695     719  .01307    9591    9592    9593     959
     960     856 60.3800168.0671    1011  .00040    9601    9602    9603     960
     961     849 874.630 167.702      99  .00001    none    9612    9613     961
     962     961 827.110 167.702      48  .00001    none    9622    9623     962
     963     962 798.080 168.344    1442  .00132    none    9632    9633     963
     964     963 24.2600177.5785     758  .02033    9641    9642    9643     964
     965     963 739.890 173.536     181  .05127    none    9652    9653     965
     966     965 680.600 178.900     277  .00001    none    9662    9663     966
     967     966 352.260 178.901     912  .00001    none    9672    9673     967
     968     967 24.9000182.4470     521  .01957    9681    9682    9683     968
     969     967 284.270 180.453    1054  .00408    none    9692    9693     969
     970     969 149.230 184.661     422  .00759    none    9702    9703     970
     971     970 21.4900190.2711     549  .01147    9711    9712    9713     971
     972     970 114.190 186.790     125  .00401    none    9722    9723     972
     973     972 74.2600189.6350     741  .00810    9731    9732    9733     973
     974     972 36.2200190.6532     715  .00951    9741    9742    9743     974
     975     969 76.4800189.7369    1171  .00999    9751    9752    9753     975
     976     966 321.830 178.901     832  .00001    none    9762    9763     976
     977     976 180.480 182.093    1226  .00555    none    9772    9773     977
     978     977 55.6300187.5922     744  .00498    9781    9782    9783     978
     979     977 69.1500192.9019    1301  .00954    9791    9792    9793     979
     980     976 101.850 182.692     857  .01331    none    9802    9803     980
     981     980 35.6200193.3139     829  .00808    9811    9812    9813     981
     982     980 22.7700190.8893     420  .00691    9821    9822    9823     982
     983     965 53.1600185.2153    1339  .01061    9831    9832    9833     983
     984     962 28.4600172.3546     844  .01907    9841    9842    9843     984
     985     961 46.3100175.2480     867  .01926    9851    9852    9853     985
     986     848 65.6900170.4725     553  .01086    none    9862    9863     986
     987     986 25.5400184.1031     760  .02053    9871    9872    9873     987
     988     986 32.5400185.8225     982  .01772    9881    9882    9883     988
     989     847 83.2800174.0794    1119  .01216    none    9892    9893     989
     990     989 33.5200186.2592     648  .01297    9901    9902    9903     990
     991     989 12.8500185.2107     321  .02053    9911    9912    9913     991
     992     832 824.000 165.681     247  .00365    none    9922    9923     992
     993     992 51.5700166.5671     481  .00084    none    9932    9933     993
     994     993 18.5700167.0046     266  .00114    9941    9942    9943     994
     995     993 16.1000166.9004     370  .00001    9951    9952    9953     995
     996     992 770.650 166.500     198  .00001    none    9962    9963     996
     997     996 736.180 166.501     151  .00001    none    9972    9973     997
     998     997 12.0100166.7104     258  .00194    9981    9982    9983     998
     999     997 722.220 166.502    1493  .00001    none    9992    9993     999
    1000     999 662.600 166.503     598  .00001    none   10002   10003    1000
    1001    1000 78.3700166.5040      64  .00001    none   10012   10013    1001
    1002    1001 15.6600166.5046     584  .00001   10021   10022   10023    1002
    1003    1001 62.5300166.5041      92  .00001    none   10032   10033    1003
    1004    1003 21.7000166.6161     557  .00108   10041   10042   10043    1004
    1005    1003 37.1900167.3349    1102  .00109   10051   10052   10053    1005
    1006    1000 562.250 168.626    1140  .00430    none   10062   10063    1006
    1007    1006 68.1200175.4747     910  .00704   10071   10072   10073    1007
    1008    1006 469.620 173.905    1147  .00384    none   10082   10083    1008
    1009    1008 302.160 177.197     358  .00643    none   10092   10093    1009
    1010    1009 226.380 180.946    1115  .00458    none   10102   10103    1010
    1011    1010 35.2100188.8461     771  .01389   10111   10112   10113    1011
    1012    1010 137.310 184.603     402  .00747    none   10122   10123    1012
    1013    1012 58.6600186.2128    1031  .00020   10131   10132   10133    1013
    1014    1012 54.0900193.1550    1239  .01195   10141   10142   10143    1014
    1015    1009 65.4500186.1340    1181  .01253   10151   10152   10153    1015
    1016    1008 149.750 179.589     634  .00900    none   10162   10163    1016
    1017    1016 15.7400185.7572     256  .02387   10171   10172   10173    1017
    1018    1016 119.960 184.305     790  .00684    none   10182   10183    1018
    1019    1018 67.3400196.8619    1756  .00974   10191   10192   10193    1019
    1020    1018 26.9800189.7924     460  .01238   10201   10202   10203    1020
    1021     999 13.5300168.5054     288  .01909   10211   10212   10213    1021
    1022     996 30.1700166.5258     804  .00038   10221   10222   10223    1022
    1023     825 911.420 165.501     728  .00001    none   10232   10233    1023
    1024    1023 839.700 165.501     157  .00001    none   10242   10243    1024
    1025    1024 533.050 165.676     807  .00087    none   10252   10253    1025
    1026    1025 18.8400166.2006     383  .00001   10261   10262   10263    1026
    1027    1025 492.900 166.201     242  .00001    none   10272   10273    1027
    1028    1027 159.900 166.380     290  .00139    none   10282   10283    1028
    1029    1028 30.3200166.6219     524  .00020   10291   10292   10293    1029
    1030    1028 128.070 166.804     599  .00084    none   10302   10303    1030
    1031    1030 34.3300167.6154    1060  .00406   10311   10312   10313    1031
    1032    1030 61.4500173.3645    1720  .01128   10321   10322   10323    1032
    1033    1027 320.210 169.543    1563  .00480    none   10332   10333    1033
    1034    1033 185.030 176.515     758  .00832    none   10342   10343    1034
    1035    1034 13.4500184.0333     281  .02772   10351   10352   10353    1035
    1036    1034 150.320 182.978     406  .01332    none   10362   10363    1036
    1037    1036 33.9100190.9075     803  .01321   10371   10372   10373    1037
    1038    1036 103.170 185.401     245  .00001    none   10382   10383    1038
    1039    1038 43.6600190.7251     653  .01456   10391   10392   10393    1039
    1040    1038 51.2700191.4089     804  .01443   10401   10402   10403    1040
    1041    1033 92.0800183.6325    1686  .01216   10411   10412   10413    1041
    1042    1024 302.640 165.502      64  .00001    none    none   10423    1042
    1043    1042 208.450 165.656     654  .00062    none   10432   10433    1043
    1044    1043 52.5700165.9901     104  .00097    none   10442   10443    1044
    1045    1044 15.1600166.6160     308  .00487   10451   10452   10453    1045
    1046    1044 36.6500174.0177     943  .02004   10461   10462   10463    1046
    1047    1043 130.820 171.412    1225  .00898    none   10472   10473    1047
    1048    1047 44.9400187.3698    1389  .01376   10481   10482   10483    1048
    1049    1047 50.3900178.2357     181  .01048    none   10492   10493    1049
    1050    1049 24.7100184.3108     436  .02361   10501   10502   10503    1050
    1051    1049 22.4500182.6035     323  .01919   10511   10512   10513    1051
    1052    1042 88.1500171.8490     969  .01032    none   10522   10523    1052
    1053    1052 28.5700175.7760     308  .00260   10531   10532   10533    1053
    1054    1052 16.6200175.5659     416  .00025   10541   10542   10543    1054
    1055    1023 18.5000169.8220     284  .03276   10551   10552   10553    1055
    1056     814 77.2300165.7528     861  .00105    none   10562   10563    1056
    1057    1056 26.4800169.5089     817  .01054   10571   10572   10573    1057
    1058    1056 28.4200169.8180     778  .01093   10581   10582   10583    1058
    1059     813 31.9500171.0450     683  .01319   10591   10592   10593    1059
    1060      10 31.4700164.4241     729  .00042   10601   10602   10603    1060
    1061       9 233.930 164.225     867  .00047    none   10612   10613    1061
    1062    1061 180.700 164.623    1053  .00039    none   10622   10623    1062
    1063    1062 31.0100164.7396     807  .00026   10631   10632   10633    1063
    1064    1062 118.750 164.701      24  .00001    none   10642   10643    1064
    1065    1064 11.9900164.9525     256  .00157   10651   10652   10653    1065
    1066    1064 106.660 164.701     507  .00001    none   10662   10663    1066
    1067    1066 26.0500164.9867     725  .00097   10671   10672   10673    1067
    1068    1066 69.9200164.8621     472  .00149    none   10682   10683    1068
    1069    1068 21.9200165.5181     655  .00047   10691   10692   10693    1069
    1070    1068 30.9700170.7547    1217  .00904   10701   10702   10703    1070
    1071    1061 14.8400188.6033     368  .09865   10711   10712   10713    1071
    1072       4 131.180 163.056     560  .00019    none   10722   10723    1072
    1073    1072 15.2000163.1966     332  .00031   10731   10732   10733    1073
    1074    1072 97.8900163.8403    2672  .00057   10741   10742   10743    1074
--------------------------------------------------------------------------------
Number of cells (source, left, right, & total):      537    1068    1070    2675
The channel raster's flow vector slopes within each reach were used to calculate the respective reach slope.
